camera_matrix:
- - 1209.2116937391047
  - 0.0
  - 310.41440868877334
- - 0.0
  - 1208.9584776407357
  - 243.15160331171828
- - 0.0
  - 0.0
  - 1.0
dist_coeff:
- - -0.185983399910063
  - 1.815698043942979
  - -0.00019891074849886513
  - -0.003027837098146156
  - -8.118477671207266
